sw = 11
x = 20
z = 30

total
(54, 55, 52, 48, 69, 58)
total
(54, 56, 50, 49, 68, 59)
total
(54, 58, 53, 49, 69, 60)
total
(56, 60, 54, 47, 70, 59)
total
(57, 61, 54, 48, 70, 59)
total
(58, 62, 53, 46, 71, 59)
total
(58, 61, 54, 48, 71, 59)
total
(59, 62, 55, 49, 71, 59)
total
(59, 62, 56, 49, 72, 58)
total
(59, 63, 57, 48, 72, 58)
total
(59, 62, 56, 49, 72, 58)
total
(59, 62, 57, 51, 72, 59)
total
(58, 62, 57, 49, 71, 58)
total
(57, 61, 56, 49, 71, 59)
total
(57, 61, 56, 49, 71, 58)

x = 30
step = 50

sw = 5
(52, 52, 46, 48, 69, 58)
(55, 55, 49, 50, 71, 60)
(57, 57, 51, 48, 71, 59)
(58, 57, 50, 48, 71, 59)
(59, 58, 51, 49, 71, 58)
(59, 59, 53, 48, 72, 58)
(59, 58, 52, 50, 72, 58)
(58, 58, 52, 50, 71, 58)
(58, 58, 52, 50, 71, 58)
sw = 7
(52, 54, 48, 48, 70, 58)
(55, 57, 51, 51, 72, 61)
(57, 60, 53, 48, 72, 60)
(58, 60, 52, 48, 73, 60)
(59, 60, 53, 50, 73, 58)
(59, 61, 55, 49, 73, 58)
(59, 60, 54, 50, 73, 58)
(58, 60, 54, 50, 73, 59)
(58, 60, 53, 50, 73, 59)
sw = 9
(50, 55, 49, 49, 71, 58)
(54, 58, 52, 51, 72, 60)
(57, 61, 54, 49, 73, 59)
(58, 61, 53, 48, 73, 59)
(60, 62, 55, 51, 73, 58)
(59, 63, 56, 50, 73, 59)
(59, 61, 55, 51, 73, 59)
(58, 61, 55, 52, 73, 59)
(58, 61, 55, 51, 73, 59)
sw = 11
(50, 56, 50, 49, 72, 58)
(55, 59, 53, 52, 72, 61)
(57, 62, 55, 50, 73, 59)
(58, 62, 54, 50, 73, 59)
(60, 62, 56, 52, 73, 59)
(59, 63, 57, 51, 73, 59)
(59, 62, 56, 52, 73, 59)
(58, 62, 56, 52, 73, 59)
(58, 61, 56, 51, 73, 59)
sw = 13
(50, 56, 51, 51, 72, 58)
(55, 59, 55, 52, 72, 61)
(58, 62, 55, 51, 73, 59)
(59, 62, 54, 50, 73, 59)
(60, 62, 56, 53, 73, 59)
(60, 63, 57, 51, 73, 59)
(59, 62, 57, 52, 73, 59)
(58, 62, 57, 52, 73, 59)
(58, 62, 56, 52, 73, 59)
sw = 15
(50, 56, 50, 52, 72, 57)
(54, 59, 54, 53, 72, 60)
(57, 62, 54, 50, 73, 59)
(59, 62, 54, 51, 73, 59)
(60, 63, 55, 53, 73, 58)
(60, 63, 57, 52, 74, 58)
(59, 62, 56, 53, 74, 58)
(58, 62, 56, 52, 73, 58)
(58, 62, 55, 51, 73, 58)

x = 40
step = 50

sw = 5
(50, 53, 49, 45, 70, 58)
(51, 56, 53, 46, 72, 60)
(53, 59, 54, 46, 72, 59)
(54, 59, 54, 46, 72, 58)
(56, 59, 55, 48, 72, 57)
(56, 60, 56, 47, 72, 57)
(56, 59, 55, 49, 72, 58)
(54, 58, 55, 49, 72, 58)
(54, 59, 55, 48, 72, 58)
sw = 7
(51, 55, 51, 46, 70, 60)
(52, 58, 54, 47, 72, 61)
(54, 61, 55, 46, 72, 59)
(55, 61, 55, 47, 73, 59)
(57, 62, 57, 48, 73, 58)
(57, 62, 57, 47, 73, 58)
(57, 62, 57, 50, 73, 59)
(56, 61, 56, 49, 73, 59)
(55, 61, 56, 48, 72, 59)
sw = 9
(51, 57, 52, 48, 71, 59)
(51, 60, 56, 48, 73, 61)
(54, 63, 56, 47, 73, 59)
(56, 63, 57, 47, 73, 60)
(58, 63, 57, 49, 73, 58)
(57, 64, 58, 48, 73, 59)
(57, 63, 58, 50, 74, 59)
(55, 62, 57, 50, 73, 59)
(55, 62, 57, 49, 73, 59)
sw = 11
(52, 58, 53, 49, 72, 60)
(52, 61, 56, 48, 73, 61)
(56, 63, 56, 48, 72, 59)
(57, 63, 57, 48, 73, 59)
(59, 64, 58, 51, 73, 58)
(58, 64, 59, 50, 73, 59)
(58, 64, 58, 52, 74, 59)
(56, 63, 58, 51, 73, 59)
(56, 63, 57, 50, 73, 59)
sw = 13
(52, 59, 53, 49, 71, 60)
(53, 61, 56, 49, 72, 61)
(56, 63, 56, 49, 72, 59)
(57, 63, 57, 49, 73, 59)
(59, 64, 58, 50, 73, 59)
(58, 65, 59, 50, 73, 59)
(57, 64, 58, 52, 74, 59)
(56, 63, 58, 51, 73, 59)
(56, 63, 57, 50, 73, 59)
sw = 15
(51, 58, 54, 50, 72, 59)
(52, 62, 57, 50, 72, 61)
(56, 64, 56, 49, 72, 59)
(57, 64, 56, 49, 73, 59)
(59, 64, 57, 51, 74, 58)
(58, 65, 58, 50, 73, 59)
(57, 64, 58, 52, 74, 59)
(56, 63, 58, 51, 73, 59)
(56, 63, 57, 50, 73, 58)