sw = 7
dssp = H
(62.781420267244116, 64.13284166912479)
(54.072251668469825, 63.614881627958574)
(54.828281237126, 72.06242422353853)
(52.78480091843086, 66.61583884822448)
(54.3951859021731, 58.688010080539165)
(52.43180762527819, 67.65348230140685)
(46.63011537822691, 70.36438381373648)
dssp = E
(47.63599949572196, 72.13514910960308)
(40.93955239146351, 68.61119837407182)
(43.83036444679598, 63.32329984585715)
(43.10635945105917, 67.8320744699825)
(43.78523658973502, 67.78719186525399)
(36.286502618427036, 57.99414879326626)
(32.847803228091806, 61.16267062489611)
dssp = C
(68.62037381323961, 72.84867956094295)
(68.23393183411696, 71.97517526456848)
(70.58719338130173, 71.52650799563963)
(68.9860396912757, 72.88983710981009)
(66.95398439738136, 75.00005216124094)
(62.31926367816201, 67.88092684576911)
(71.76590389505583, 67.32195710488034)
sw = 9
dssp = H
(58.3256688690503, 70.51789206273855)
(51.66677474583167, 64.83372790915008)
(54.42372705941842, 74.78208691833196)
(49.08844322463606, 68.37683746513927)
(52.72952938749528, 65.59490769935002)
(49.162345807563966, 76.00756105266096)
(42.83547927517468, 81.38583920611654)
dssp = E
(42.848761168125655, 77.72357168026447)
(37.77894273975123, 76.84187855786064)
(43.308806287943064, 67.31628026704753)
(38.00584672286271, 75.72527327429287)
(40.412758924757114, 72.47627539101346)
(34.25415106189055, 70.38963351463353)
(29.856796112314118, 69.74221192175352)
dssp = C
(66.53053572440982, 72.79126053630439)
(67.273482258602, 72.65843019168467)
(68.70863879817168, 73.16376808515166)
(69.05743328935553, 74.22084487760634)
(67.09658985084509, 76.07189231460453)
(61.076069290133916, 69.57371811182357)
(70.73148948163696, 68.98895550110632)
sw = 11
dssp = H
(51.27506794594266, 78.71436643102825)
(41.32493966008299, 70.69517721425564)
(49.97348549237002, 78.95845089047401)
(42.26981707386014, 74.1863889197664)
(47.514737026123974, 69.63099339028132)
(43.63040822413064, 79.58423980309554)
(38.014853106111765, 84.66199215130096)
dssp = E
(36.012813699361175, 75.66020399353732)
(29.926572955259402, 85.52452177452177)
(33.281441861567004, 75.72446072446073)
(28.415592117786396, 78.12694522253346)
(31.041127017104778, 90.784682271143)
(28.346107921646755, 77.4171335200747)
(21.689632264258194, 74.66102379299672)
dssp = C
(63.608987804251875, 76.38644757605718)
(65.95733307243445, 74.77692099635088)
(65.63155005193659, 74.07221814345104)
(68.6274787384171, 76.45759778691041)
(65.60286428678519, 76.68677351722171)
(58.55497605948709, 72.30286884070473)
(68.67078460476246, 70.10952758943365)
sw = 13
dssp = H
(45.71531309197991, 85.49571807846402)
(34.46571638526331, 73.38571103816359)
(42.47064253971117, 81.14380926612073)
(34.69661375442885, 79.0477035564259)
(37.069955200037285, 72.76213569896917)
(37.71260971693073, 83.5264563031601)
(33.81752531712092, 86.3012871523584)
dssp = E
(30.833706852746534, 79.64506172839506)
(21.931241720429917, 90.54146537842189)
(27.633369043928187, 86.67548500881836)
(23.23448327766208, 83.87125220458553)
(23.592849868063688, 92.55087505087505)
(21.902410634812245, 88.27160493827162)
(13.26845436281385, 88.13271604938272)
dssp = C
(58.079651071414986, 78.7421325215173)
(59.87468429124999, 75.45443634060274)
(63.648225208655354, 77.56565033193662)
(62.649081466713625, 78.64837093397001)
(60.76709575420313, 76.9853500626154)
(53.630899409139005, 75.11813179082297)
(64.86955100973103, 71.90364291332028)
sw = 15
dssp = H
(33.81125291633185, 90.39546872880209)
(28.57155199961346, 80.6157640830657)
(29.291189564409713, 84.49813258636789)
(27.5203891364436, 89.82459987361948)
(28.943390212477937, 85.32205461654172)
(28.8999999257669, 85.672603326117)
(26.929672002303235, 94.94225061298232)
dssp = E
(26.76506238250775, 100.0)
(14.614159409987707, 95.52188552188552)
(24.585455119639324, 100.0)
(16.906875114488994, 97.22222222222223)
(17.72750216754837, 93.51851851851853)
(15.474995607230056, 91.32553606237816)
(8.956228662614967, 93.51851851851853)
dssp = C
(46.82467607726979, 81.46655793493827)
(51.08986591148606, 78.68481559563273)
(54.84996557378208, 78.4384517786994)
(53.6304258575721, 80.44504793598638)
(50.27241103382465, 77.59779631930418)
(45.070642427152016, 80.3203319151521)
(55.546945271682425, 72.35523967999788)









sw = 7
dssp = H
(37.17273924493733, 90.68639291465378, 67.95606743417028)
(23.352323991340025, 88.00154320987653, 72.68411737979265)
(22.810783779342874, 93.12779091147884, 79.2593299922941)
(27.287597626797364, 93.12678062678064, 88.99818465857076)
(29.818039616215206, 95.06651884700665, 76.12666212633187)
(30.470350960324183, 92.88667707520167, 71.63185440121737)
(24.455351595076714, 94.3336877547404, 81.2748023705654)
dssp = E
(30.245236552337094, 94.97863247863249, 73.95872420662484)
(18.393164909530963, 100.0, 82.47764137299357)
(30.89318417042394, 91.34680134680134, 91.45919398345696)
(19.281973755107757, 96.36243386243386, 80.10469105977451)
(22.916222088115504, 93.67724867724867, 78.16809964754042)
(25.179666253142607, 88.70370370370371, 83.392471650175)
(11.391759483061351, 99.57264957264958, 83.73167461386522)
dssp = C
(36.91700707821227, 84.16546620737728, 56.66674440038631)
(38.03983297277509, 83.80333033639651, 59.028136374882756)
(30.672006138592323, 89.34355895557884, 42.9847499724761)
(32.907318027733844, 89.79074894974572, 54.88926279884162)
(42.27469586792979, 85.42685181323702, 46.065217831819986)
(35.8586913728166, 87.92435281250815, 57.35834672928658)
(37.82603700151286, 81.13757507084757, 51.860645488340126)
sw = 9
dssp = H
(39.892692028660726, 91.779877383052, 70.13983205445844)
(24.848140271749003, 87.52469752469753, 68.45592056148865)
(24.32444574320762, 94.2675983436853, 80.424773006606)
(26.782547121746862, 95.76118326118325, 90.10162896466049)
(31.39097690825276, 92.1037296037296, 77.14413994182766)
(32.30420661830921, 93.62383525174224, 69.27886360212558)
(25.300005718761746, 94.16987162601198, 76.80794458464248)
dssp = E
(31.643042921976853, 94.62481962481962, 74.95953878393367)
(20.503064713938773, 98.21428571428572, 78.96936730173985)
(31.583954305638517, 91.51234567901234, 92.06008024200894)
(21.286365967833305, 94.1005291005291, 81.00451208500745)
(24.087553193657136, 95.23809523809524, 79.91440428743897)
(25.059908204995814, 87.90123456790123, 72.93411179350214)
(13.043430322572585, 99.38271604938272, 75.4799558840306)
dssp = C
(37.54188074578552, 84.09960076811757, 56.99627228481836)
(39.255282991058415, 82.99187325358812, 53.54921924839892)
(30.7690031910239, 89.35590854196033, 48.58576213770261)
(34.45389016295846, 89.25148969017533, 55.008760397707725)
(43.22687217057124, 83.80840910341658, 45.23617430861946)
(36.43032999695879, 88.33792772570935, 53.30734578985586)
(39.40018934028231, 80.7808717602168, 48.54876055341141)





