sw = 7
(70.24538474461434, 70.80544476366454, 62.99012971127926, 59.29628499829093, 66.02351648514849, 84.60364650591102, 68.86732414337166, 50.536016357659676, 43.467030209063196, 74.16003658762799)
(68.60620004849476, 60.54077698738191, 58.433216825637324, 48.99324276541886, 70.11799327176566, 83.95962564857727, 67.9875256651666, 45.145291452281505, 51.06263156036552, 72.51951850838137)
(71.4292194165873, 64.40829251910527, 66.50714115044745, 56.697614185060374, 67.53931481765363, 83.40563620106676, 69.34168549456162, 56.657833583975616, 46.60506168465226, 73.04220187716962)
(69.88898515299866, 66.2580466377121, 62.980435924617645, 49.41715859791224, 66.67791650752184, 85.43208692296508, 68.55979075876144, 53.621952037278994, 46.33071434745208, 76.34082679751158)
(71.32524099413315, 67.52173776048053, 62.398304016040875, 54.2744670193435, 69.22442717798141, 82.25049184918983, 73.15811690522136, 50.546978729651606, 44.66254242452656, 75.92095705065228)
(66.75019553583155, 60.53376475900833, 64.87265925466839, 53.90618891444726, 59.11853967079359, 81.4877713301906, 64.4096531809205, 47.34163674270745, 37.8934608280188, 68.40264800460805)
(65.37502896779735, 62.5629347695595, 61.30249533018173, 40.65147850753292, 64.97930310821923, 84.00563339395646, 63.870636926608995, 46.855492714457284, 49.90426368946764, 69.53692694424245)
sw = 9
(70.61017819492572, 72.4871531859613, 62.76795705026187, 59.78021090417326, 65.00486512871007, 84.05852462261736, 68.90531576598794, 51.84858492387662, 45.56308751027441, 73.49343741411573)
(69.39705368300675, 61.08467901908349, 61.74304472249806, 50.99817769441746, 70.99616924244104, 83.13423023787185, 69.2167330134188, 49.969366173145296, 54.27128639860689, 75.78617037897972)
(72.44210940781272, 64.91102663665626, 68.5784259930766, 62.895986203265416, 68.88571813143, 82.49250073426776, 69.99995566157881, 59.7188085076276, 47.92340791338893, 73.45760714335384)
(71.49501057794096, 67.06697621942635, 64.71031743234879, 51.9587417748245, 67.85728663376483, 85.03947426174594, 69.25412565923908, 57.06145094074583, 48.375336552169834, 75.89346473175951)
(71.50610141961944, 67.01306870708243, 63.62278490042527, 56.99373213198991, 68.86452519655641, 81.80526302319113, 73.23051961431247, 55.438090677790704, 46.74338804662698, 77.02196157250317)
(68.4167750058006, 62.00164828048527, 68.90122590387081, 54.880831469466585, 62.326370180398676, 82.70084808446691, 65.27987543832671, 55.504946552898645, 39.375914956700576, 70.05004761529472)
(66.01430628407589, 64.07690171358348, 65.01999264717931, 42.986355334691304, 64.56534373442118, 83.89073267420422, 63.969439584510205, 51.417989402683055, 50.1041153112565, 71.08584534388528)
sw = 11
(72.02100266548868, 73.55525217120014, 63.36076650342861, 60.45288690314893, 66.4748022715859, 84.30509806197863, 69.26352176449069, 54.12323245891516, 44.95842193662399, 72.62191375511698)
(70.11560315385096, 60.75332680754832, 63.33434524263441, 52.4279786582093, 72.13425199604902, 83.82876419291178, 69.23467990913099, 55.731733373420184, 55.87759077885648, 75.32398237883744)
(72.75887253942774, 65.31432206859608, 68.71092019175417, 58.89739933608497, 64.79323371825814, 82.66809825975234, 70.47382723484085, 60.622454343207245, 48.464022952771174, 74.04438877720163)
(72.12175849208899, 68.75389785079665, 65.5253383735224, 53.177834900271165, 68.68300863787778, 84.78356336173611, 69.3666481403763, 58.474863823305235, 51.10483593330486, 75.94673738278142)
(71.30801743783758, 67.29454044392553, 63.536265349938844, 56.85593094184206, 69.83170282999464, 81.3705136656809, 73.33117496855522, 55.097075700852585, 47.346210958841745, 76.71553974334864)
(69.47572272699739, 65.10617839675291, 70.163081625753, 54.7198064628038, 59.37599921456513, 81.79441172013931, 66.42912408124147, 57.28726767166149, 41.369195802676245, 69.8624950919476)
(67.23118850546723, 63.95048856501296, 69.89641909174361, 44.790097644158045, 63.25844812787346, 84.7426060880021, 64.70639982853362, 55.95622018408281, 52.11381227193517, 70.12410083453514)
sw = 13
(72.85758786189601, 73.3225090320991, 65.49604861974491, 61.974635125318045, 66.42452578891651, 84.89252528923998, 69.99713244096239, 57.85558294095729, 43.47569292242951, 71.61887151145201)
(70.16570149266573, 60.96972353672969, 60.27710352417333, 52.67292063532296, 69.96847156465914, 82.66594697815702, 69.80654968883911, 48.97190080608755, 54.98203936203644, 76.28082944473297)
(73.08336873126838, 66.12798511683685, 68.2325500716336, 60.6514980047879, 65.37995839103219, 81.52417752833892, 70.72655284264978, 60.402184473282645, 47.887371125279145, 73.86668374843273)
(72.5700808950635, 72.3327400421851, 65.1690521550653, 53.652696225426915, 68.18235508377236, 83.6820356048969, 70.35943323063483, 60.44465305153957, 52.89382565835067, 75.87911549328052)
(71.3300643151725, 66.73351304344156, 59.96466945984009, 57.732466085522724, 68.12499606959233, 80.57310776084078, 74.44481259701541, 49.0316401843733, 48.46394653490878, 75.8895698575986)
(70.2968470374124, 66.33012485817287, 70.77560282074685, 55.35055128909741, 59.42904670895723, 81.2656140809454, 67.28312709190166, 59.5876610458697, 41.07377373982727, 69.49399968740953)
(67.58654900707373, 62.84149198232496, 68.08411228715536, 46.23300749691192, 60.27695520292202, 84.88598773095212, 65.39172712360437, 55.43290682918575, 50.99394393833523, 70.95052737841483)
sw = 15
(72.76824329655265, 72.13588470001493, 68.71973463440395, 62.28557543184755, 64.96091286018692, 84.66975818084246, 69.72080896867801, 59.84431358520572, 47.23036141883071, 73.72214418766124)
(70.72159485342817, 62.488097718655496, 63.477630166734215, 53.89262694940928, 71.2012938385123, 81.78103266111756, 70.25750095234852, 57.31844464704055, 56.650313592642775, 76.26433687994007)
(73.48931326067233, 65.50302565867429, 64.91141098893826, 61.54420559808732, 65.29627085158866, 80.49558996283116, 71.83780005585533, 56.81570807413836, 49.16579169700123, 75.31468453656089)
(73.11590366727626, 71.55273192045931, 64.6934297470874, 54.74930593412332, 69.72544469722402, 83.96040656685669, 71.20697772279851, 58.56982951943263, 48.925639519498716, 76.52446937559432)
(70.95051986529707, 68.99595731932598, 62.0771234177453, 57.48015906078152, 68.46225651414997, 79.41741750350621, 73.68478550498045, 54.692986061454484, 50.19727849739012, 74.28648303470044)
(70.22200691776081, 65.27766722387317, 70.96091999400772, 59.27297502836143, 61.20021132413737, 81.01605408878999, 67.93882565132422, 58.00068884829815, 43.09852600860709, 70.59297559221446)